Time,fold_prob,hopf_prob,branch_prob,null_prob
-36560.814220183485,0.14865407,0.2650609,0.35654518,0.22973981
-36256.62844036697,0.21962142,0.18988946,0.40153885,0.18895026
-35952.442660550456,0.1935441,0.14248686,0.37051544,0.2934536
-35648.25688073395,0.17642947,0.102801464,0.33662874,0.3841403
-35344.071100917434,0.17282191,0.07743403,0.297116,0.452628
-35039.88532110092,0.18895116,0.06389641,0.2890464,0.45810604
-34735.699541284404,0.18957447,0.053725116,0.2812534,0.47544703
-34431.51376146789,0.1846874,0.048894666,0.27356642,0.4928515
-34127.327981651375,0.18922028,0.044404592,0.2878797,0.47849542
-33823.14220183486,0.3557812,0.050105322,0.30417544,0.28993806
-33518.956422018346,0.3702054,0.040248547,0.32649663,0.26304942
-33214.77064220184,0.29151088,0.03782765,0.34870285,0.32195863
-32910.58486238532,0.23184152,0.03232302,0.32095724,0.41487822
-32606.39908256881,0.27327818,0.027143624,0.3372759,0.36230233
-32302.21330275229,0.19232161,0.021117415,0.30880988,0.47775108
-31998.02752293578,0.19774339,0.01888096,0.31429726,0.4690784
-31693.841743119265,0.22941212,0.018626751,0.32385668,0.42810446
-31389.65596330276,0.25485855,0.01825905,0.32595295,0.4009294
-31085.47018348624,0.29170483,0.01746866,0.3401317,0.3506948
-30781.284403669724,0.30097556,0.018660117,0.3254238,0.3549405
-30477.098623853213,0.209784,0.015272918,0.30396003,0.47098303
-30172.9128440367,0.2132918,0.014745215,0.30345592,0.46850705
-29868.727064220184,0.18382801,0.013185794,0.28364632,0.51933986
-29564.54128440367,0.1868271,0.012703044,0.281075,0.5193949
-29260.355504587154,0.3531882,0.015638292,0.3376612,0.2935123
-28956.169724770643,0.5032841,0.018026676,0.32040438,0.15828487
-28651.98394495413,0.3920666,0.015371109,0.34792367,0.24463865
-28347.798165137618,0.23442595,0.0122845005,0.34514636,0.40814322
-28043.612385321103,0.20643611,0.016706381,0.6132904,0.16356702
-27739.42660550459,0.24739747,0.013802906,0.5312231,0.20757654
-27435.24082568808,0.22403403,0.012894732,0.5131971,0.24987409
-27131.05504587156,0.2218723,0.0122791575,0.490624,0.27522454
-26826.869266055044,0.19366243,0.010863455,0.48055658,0.3149175
-26522.683486238533,0.19728473,0.010668399,0.46980876,0.3222381
-26218.49770642202,0.1744263,0.0098607,0.41978866,0.39592433
-25914.311926605507,0.19941188,0.0115878,0.47603804,0.3129623
-25610.126146789,0.18755144,0.0103249755,0.43253154,0.369592
-25305.94036697248,0.17421745,0.010475947,0.42092437,0.3943822
-25001.754587155963,0.20367289,0.011292135,0.43957615,0.34545884
-24697.56880733945,0.2196817,0.012387572,0.43939105,0.3285397
-24393.38302752293,0.17356147,0.017300017,0.54014647,0.26899204
-24089.197247706423,0.16611344,0.014611657,0.51474345,0.30453148
-23785.01146788991,0.21169285,0.013828138,0.55093944,0.22353956
-23480.8256880734,0.17480646,0.016066106,0.55018544,0.25894198
-23176.63990825688,0.17271097,0.015130383,0.5307586,0.28140005
-22872.454128440368,0.15578786,0.014233643,0.46411532,0.36586317
-22568.268348623853,0.1533514,0.013528289,0.4339896,0.39913076
-22264.08256880734,0.14779356,0.012677344,0.40123838,0.4382907
-21959.896788990827,0.14807461,0.013017869,0.39269966,0.44620785
-21655.711009174312,0.15001003,0.012408694,0.37830746,0.45927382
-21351.5252293578,0.15302143,0.012512456,0.38493222,0.44953388
-21047.339449541287,0.12630303,0.009810297,0.34702158,0.51686513
-20743.15366972477,0.1434282,0.010886526,0.37880135,0.4668839
-20438.967889908257,0.20945755,0.011296896,0.44901437,0.3302312
-20134.782110091743,0.14774297,0.010650625,0.4137972,0.42780924
-19830.59633027523,0.15020387,0.011193474,0.417782,0.42082062
-19526.41055045872,0.15598278,0.011802758,0.42208418,0.41013026
-19222.2247706422,0.16030914,0.010971066,0.4124902,0.41622964
-18918.038990825688,0.13046399,0.008658573,0.3945277,0.46634975
-18613.853211009176,0.12391504,0.008461141,0.36819634,0.49942747
-18309.66743119266,0.10843764,0.0073114084,0.328007,0.55624396
-18005.481651376147,0.10483675,0.0068237246,0.3131274,0.5752121
-17701.295871559632,0.10631108,0.00662127,0.30571133,0.58135635
-17397.11009174312,0.13588813,0.006932364,0.33699816,0.52018136
-17092.924311926607,0.1506329,0.0068606883,0.34159327,0.50091314
-16788.738532110092,0.10551693,0.0059960666,0.29841158,0.59007543
-16484.55275229358,0.093046166,0.0059003215,0.27634737,0.62470615
-16180.366972477066,0.11254182,0.006620243,0.29542845,0.58540946
-15876.181192660551,0.10177954,0.006280036,0.27681845,0.61512196
-15571.995412844037,0.08330193,0.0048684087,0.23812255,0.6737071
-15267.809633027526,0.09167432,0.0057768025,0.24796733,0.65458155
-14963.623853211013,0.07904984,0.0050943317,0.23203596,0.6838199
-14659.438073394496,0.08107124,0.005471119,0.23245545,0.6810022
-14355.252293577982,0.10579095,0.006310533,0.27354842,0.61435
-14051.06651376147,0.13236801,0.006705309,0.2996915,0.5612352
-13746.880733944956,0.11859437,0.0053372895,0.2718404,0.6042279
-13442.69495412844,0.09473683,0.005594134,0.26177597,0.6378931
-13138.509174311926,0.08782703,0.0055760224,0.23307869,0.67351824
-12834.323394495415,0.07723402,0.0043473174,0.19503511,0.72338355
-12530.1376146789,0.07631813,0.0043010684,0.19320247,0.7261783
-12225.951834862386,0.07712531,0.004406518,0.1874598,0.7310084
-11921.766055045871,0.0649178,0.0034451142,0.16669543,0.76494163
-11617.58027522936,0.06416199,0.003442477,0.15833206,0.77406347
-11313.394495412846,0.060226224,0.0030882284,0.15086165,0.7858239
-11009.20871559633,0.06043598,0.002956894,0.14834571,0.7882614
-10705.02293577982,0.0634601,0.003140752,0.15209767,0.78130144
-10400.837155963303,0.05957241,0.0029764897,0.13788097,0.79957014
